303 0
304 0
305 0
310 0
312 0
313 0
315 0
316 0
317 0
318 0
319 1
320 1
321 1
322 0
324 0
325 1
326 0
327 0
328 0
330 1
333 0
336 0
338 1
339 1
340 0
341 0
343 0
344 1
345 1
347 1
348 1
350 1
351 1
352 1
353 1
355 1
356 1
357 0
358 0
360 0
362 1
363 0
364 0
366 0
368 0
369 0
370 0
371 0
372 1
374 0
375 0
376 1
379 0
380 1
383 0
385 0
386 1
391 0
392 0
393 0
397 0
400 0
401 0
402 1
409 0
412 1
414 1
415 0
416 0
419 0
423 0
425 0
426 1
427 0
428 0
429 0
430 0
433 1
434 0
437 0
441 1
443 0
444 0
445 0
446 0
447 0
448 1
449 0
454 0
455 0
456 0
457 0
459 1
463 0
464 0
468 0
471 0
473 0
474 0
475 0
478 0
479 0
485 0
486 0
487 0
488 0
491 0
